arm                         |score| sd   corr(score,spk) corr(score,read)  | corr(reward, total count) | cov(adv,score) per output: all  ones  zeros  (x1e3) | adv x score from spk-part, read-part (x1e3)
neu-lr0-rate-s1               8.526 12.378   +0.239          +nan           | +0.038                     |   +9.85 +124.23 -104.52            |  +13.24   +0.00
neu-lr0-rate-s2               7.748 11.256   +0.249          +nan           | +0.074                     |  -59.77  -45.20  -74.33            |  +55.20   +0.00
neu-lr0.002-rate-s1           5.759  9.289   +0.178          +nan           | -0.032                     |  -27.03 -175.04 +120.98            |   -7.35   +0.00
neu-lr0.002-rate-s2           5.683  9.043   +0.208          +nan           | -0.106                     |  -45.23  +69.36 -159.82            |  +21.34   +0.00
syn-h0.001-lr0-rate-s1        1.165  1.914   -0.001          +0.784           | +0.081                     |  +15.82   +6.10  +25.55            |   -1.97   -5.38
syn-h0.001-lr0.002-rate-s1    1.019  1.787   +0.002          +0.770           | +0.074                     |   +3.98   +4.81   +3.14            |   -1.55   +2.13
syn-h0.001-lr0.002-rate-s2    0.812  1.511   +0.002          +0.764           | -0.013                     |   -2.71  +11.42  -16.84            |   -2.79   +8.97
syn-h0.003-lr0-rate-s1        1.311  2.087   +0.003          +0.766           | +0.083                     |   +8.57   -3.74  +20.87            |   -1.63   -0.46
syn-h0.003-lr0.002-charged-s1  1.146  1.913   +0.001          +0.764           | +0.005                     |   -9.00   +6.77  -24.77            |   +3.09  -20.12
syn-h0.003-lr0.002-charged-s2  0.955  1.649   +0.001          +0.751           | +0.013                     |  -28.68  -31.69  -25.67            |   -7.62   -9.47
syn-h0.003-lr0.002-rate-s1    1.164  1.959   +0.001          +0.751           | +0.048                     |   -7.04  -16.54   +2.47            |   -3.08   -8.92
syn-h0.003-lr0.002-rate-s2    1.001  1.729   +0.002          +0.745           | +0.001                     |   +8.77   -0.58  +18.11            |   -1.42  +11.64
syn-h0.01-lr0-charged-s1      1.479  2.255   +0.002          +0.736           | +0.063                     |   -5.55  -18.42   +7.33            |   +0.69  -17.41
syn-h0.01-lr0-rate-s1         1.517  2.353   -0.003          +0.729           | +0.064                     |   -0.55   +0.75   -1.85            |   -1.76  -17.25
syn-h0.01-lr0-rate-s2         1.388  2.218   -0.001          +0.719           | +0.050                     |  -36.53   -1.88  -71.17            |  -19.13   +8.70
syn-h0.01-lr0.002-charged-s1  1.361  2.146   +0.000          +0.722           | +0.061                     |  -18.83  -19.74  -17.91            |   +1.80  -16.32
syn-h0.01-lr0.002-charged-s2  1.239  2.000   -0.001          +0.711           | -0.047                     |   -2.83   +0.17   -5.84            |   -6.27  +10.83
syn-h0.01-lr0.002-rate-s1     1.340  2.185   -0.004          +0.702           | -0.023                     |   +3.10  +13.96   -7.76            |   +0.24   +0.68
syn-h0.01-lr0.002-rate-s2     1.067  1.837   -0.002          +0.680           | -0.017                     |  -22.76  -20.52  -25.00            |   -9.09   +4.22
syn-h0.03-lr0-rate-s1         1.753  2.647   +0.001          +0.669           | +0.048                     |  -22.31  +30.83  -75.46            |   -0.03  -49.47
syn-h0.03-lr0.002-rate-s1     1.586  2.463   +0.002          +0.646           | +0.001                     |  -38.84  -21.32  -56.35            |   +2.63  -42.34
syn-h0.03-lr0.002-rate-s2     1.383  2.163   -0.001          +0.632           | -0.116                     |  -16.41  -45.98  +13.17            |   -9.21   -7.46
