
== neu-lr0.002-rate-s1  (5000 epochs)
  end  count  spk  read outs>0 r>.99(1/0) r<.01 rmean  score  right dutymid dutyall eta2(null)   u_mean floor  u>.9  w_mean  w_sd  clamp fanin  drift(1s/0s) x1e3
  500  6.47  6.47 0.00  57.4  36(15/21)   0  0.944  -5.47 0.076   13    47   0.064(0.017)  0.206 0.189 0.089 -0.0266 0.579 0.003 -0.633 -79.47 (-115.69/-43.26)
 1000  6.03  6.03 0.00  55.6  35(14/21)   0  0.922  -5.41 0.070   20    40   0.063(0.017)  0.192 0.210 0.080 -0.0383 0.579 0.005 -0.910 -69.05 (-323.74/+185.63)
 1500  5.68  5.68 0.00  54.4  30(14/16)   0  0.892  -6.60 0.076   20    40   0.059(0.018)  0.184 0.232 0.075 -0.0505 0.577 0.006 -1.201 +179.96 (+205.21/+154.71)
 2000  4.97  4.97 0.00  51.5  22( 8/14)   0  0.843  -6.03 0.066   28    32   0.051(0.020)  0.164 0.270 0.065 -0.0669 0.572 0.003 -1.588 -62.23 (-628.08/+503.62)
 2500  4.40  4.40 0.00  48.9  21( 4/17)   0  0.800  -5.87 0.062   32    28   0.052(0.017)  0.148 0.296 0.056 -0.0767 0.571 0.005 -1.820 +33.52 (-484.04/+551.07)
 3000  4.46  4.46 0.00  48.1  21( 4/17)   0  0.797  -5.15 0.092   32    28   0.056(0.016)  0.145 0.296 0.057 -0.0852 0.568 0.005 -2.024 +21.46 (-83.04/+125.97)
 3500  4.12  4.12 0.00  47.8  21( 4/17)   0  0.790  -5.68 0.094   37    23   0.059(0.019)  0.143 0.310 0.054 -0.0959 0.565 0.005 -2.277 +7.89 (+139.03/-123.25)
 4000  3.95  3.95 0.00  46.4  19( 5/14)   0  0.769  -5.82 0.090   36    24   0.060(0.016)  0.132 0.328 0.049 -0.0972 0.566 0.002 -2.308 +294.46 (+230.72/+358.20)
 4500  3.65  3.65 0.00  45.3  14( 5/ 9)   0  0.749  -5.99 0.112   40    20   0.054(0.017)  0.131 0.342 0.047 -0.1208 0.553 0.006 -2.870 -287.66 (-140.62/-434.71)
 5000  3.06  3.06 0.00  43.5  11( 1/10)   0  0.716  -5.15 0.104   43    17   0.053(0.017)  0.125 0.372 0.043 -0.1382 0.543 0.001 -3.282 -309.18 (-550.15/-68.22)

== neu-lr0.002-rate-s2  (5000 epochs)
  end  count  spk  read outs>0 r>.99(1/0) r<.01 rmean  score  right dutymid dutyall eta2(null)   u_mean floor  u>.9  w_mean  w_sd  clamp fanin  drift(1s/0s) x1e3
  500  5.94  5.94 0.00  55.8  28(16/12)   0  0.915  -5.51 0.116   16    44   0.067(0.018)  0.189 0.206 0.078 -0.0405 0.569 0.007 -0.933 -299.01 (-220.87/-377.16)
 1000  5.46  5.46 0.00  53.3  28(15/13)   0  0.876  -4.96 0.108   25    35   0.075(0.017)  0.173 0.241 0.071 -0.0543 0.569 0.004 -1.251 -150.87 (-126.28/-175.46)
 1500  5.22  5.22 0.00  52.5  27(17/10)   0  0.872  -4.71 0.130   27    33   0.068(0.019)  0.169 0.258 0.068 -0.0687 0.561 0.004 -1.582 -147.76 (-64.03/-231.49)
 2000  4.77  4.77 0.00  51.6  23(12/11)   0  0.847  -5.10 0.082   27    33   0.062(0.018)  0.164 0.265 0.065 -0.0750 0.558 0.003 -1.726 +70.71 (-24.71/+166.12)
 2500  4.69  4.69 0.00  50.8  22(13/ 9)   0  0.846  -4.42 0.092   26    34   0.066(0.017)  0.163 0.273 0.064 -0.0716 0.561 0.000 -1.650 +174.99 (+522.63/-172.65)
 3000  4.51  4.51 0.00  49.5  19(12/ 7)   0  0.821  -4.66 0.086   32    28   0.059(0.019)  0.155 0.294 0.060 -0.0821 0.558 0.001 -1.892 -85.62 (+116.47/-287.72)
 3500  4.10  4.10 0.00  47.7  22(14/ 8)   0  0.782  -4.48 0.080   35    25   0.057(0.017)  0.145 0.317 0.056 -0.0908 0.556 0.005 -2.091 -98.12 (+117.93/-314.18)
 4000  4.10  4.10 0.00  47.0  21(13/ 8)   0  0.786  -4.10 0.072   35    25   0.051(0.018)  0.138 0.327 0.052 -0.0935 0.554 0.002 -2.154 +8.83 (+59.37/-41.71)
 4500  4.01  4.01 0.00  46.4  16(11/ 5)   0  0.771  -4.50 0.080   34    26   0.054(0.017)  0.140 0.328 0.053 -0.0987 0.554 0.000 -2.273 -9.60 (+130.31/-149.50)
 5000  4.01  4.01 0.00  46.1  17(11/ 6)   0  0.765  -4.30 0.074   34    26   0.054(0.019)  0.134 0.333 0.051 -0.0990 0.554 0.002 -2.279 +84.11 (+182.74/-14.51)

== syn-h0.01-lr0-rate-s1  (5000 epochs)
  end  count  spk  read outs>0 r>.99(1/0) r<.01 rmean  score  right dutymid dutyall eta2(null)   u_mean floor  u>.9  w_mean  w_sd  clamp fanin  drift(1s/0s) x1e3
  500  8.97  8.22 0.75  58.4  44(17/27)   0  0.959  -6.11 0.096    6    54   0.077(0.018)  0.111 0.179 0.019 -0.0146 0.580 0.000 -0.347 -18.36 (-47.30/+10.58)
 1000  8.97  8.22 0.74  58.3  47(20/27)   0  0.962  -6.68 0.078    8    52   0.072(0.019)  0.108 0.181 0.019 -0.0146 0.580 0.000 -0.347 +5.64 (+23.80/-12.52)
 1500  8.98  8.24 0.74  58.3  46(19/27)   0  0.962  -6.34 0.072    8    52   0.078(0.019)  0.110 0.174 0.019 -0.0146 0.580 0.000 -0.347 +10.94 (+40.64/-18.75)
 2000  8.99  8.24 0.75  58.3  46(19/27)   0  0.960  -6.76 0.068    7    53   0.079(0.021)  0.108 0.180 0.020 -0.0146 0.580 0.000 -0.347 -35.66 (+2.86/-74.17)
 2500  8.97  8.22 0.75  58.4  48(21/27)   0  0.963  -6.62 0.080    8    52   0.072(0.018)  0.109 0.181 0.019 -0.0146 0.580 0.000 -0.347 -11.82 (+74.20/-97.83)
 3000  8.97  8.22 0.75  58.3  46(19/27)   0  0.962  -6.62 0.088    7    53   0.073(0.019)  0.111 0.177 0.019 -0.0146 0.580 0.000 -0.347 +3.63 (-130.02/+137.28)
 3500  8.97  8.22 0.75  58.3  47(21/26)   0  0.959  -6.62 0.088    8    52   0.078(0.018)  0.109 0.176 0.020 -0.0146 0.580 0.000 -0.347 +14.82 (-49.51/+79.14)
 4000  8.95  8.21 0.75  58.4  46(19/27)   0  0.963  -6.57 0.084    8    52   0.075(0.016)  0.108 0.181 0.020 -0.0146 0.580 0.000 -0.347 -14.95 (-34.88/+4.97)
 4500  8.96  8.22 0.74  58.3  45(18/27)   0  0.960  -6.63 0.104    8    52   0.077(0.017)  0.110 0.176 0.019 -0.0146 0.580 0.000 -0.347 +74.24 (+153.76/-5.28)
 5000  8.95  8.21 0.74  58.3  45(18/27)   0  0.960  -6.63 0.076    8    52   0.075(0.018)  0.111 0.177 0.020 -0.0146 0.580 0.000 -0.347 -33.98 (-26.02/-41.93)

== syn-h0.01-lr0-rate-s2  (5000 epochs)
  end  count  spk  read outs>0 r>.99(1/0) r<.01 rmean  score  right dutymid dutyall eta2(null)   u_mean floor  u>.9  w_mean  w_sd  clamp fanin  drift(1s/0s) x1e3
  500  8.59  7.89 0.70  57.1  36(16/20)   0  0.931  -7.99 0.104   10    50   0.081(0.017)  0.100 0.183 0.017 -0.0194 0.574 0.000 -0.448 -18.41 (-22.72/-14.10)
 1000  8.60  7.90 0.70  57.2  38(19/19)   0  0.935  -7.94 0.102    9    51   0.080(0.016)  0.102 0.182 0.018 -0.0194 0.574 0.000 -0.448 -27.92 (-7.77/-48.07)
 1500  8.57  7.88 0.69  57.1  43(21/22)   0  0.935  -7.71 0.122   10    50   0.083(0.018)  0.102 0.185 0.018 -0.0194 0.574 0.000 -0.448 +35.43 (+44.83/+26.03)
 2000  8.60  7.91 0.69  57.1  43(21/22)   0  0.933  -8.32 0.100    9    51   0.082(0.018)  0.098 0.189 0.016 -0.0194 0.574 0.000 -0.448 -57.47 (+90.12/-205.07)
 2500  8.59  7.90 0.69  57.1  43(21/22)   0  0.938  -8.09 0.100    9    51   0.084(0.017)  0.099 0.188 0.017 -0.0194 0.574 0.000 -0.448 -96.28 (-108.39/-84.16)
 3000  8.59  7.89 0.69  57.0  42(20/22)   0  0.935  -8.28 0.106    9    51   0.073(0.016)  0.101 0.180 0.016 -0.0194 0.574 0.000 -0.448 +59.22 (+7.14/+111.29)
 3500  8.60  7.90 0.70  57.0  41(19/22)   0  0.933  -8.09 0.088   10    50   0.079(0.014)  0.100 0.186 0.018 -0.0194 0.574 0.000 -0.448 -36.56 (-22.33/-50.79)
 4000  8.58  7.90 0.68  57.2  40(19/21)   0  0.933  -7.95 0.134   10    50   0.073(0.017)  0.101 0.184 0.017 -0.0194 0.574 0.000 -0.448 -46.97 (+11.40/-105.34)
 4500  8.60  7.91 0.69  57.2  39(19/20)   0  0.935  -7.99 0.114   10    50   0.076(0.019)  0.102 0.185 0.018 -0.0194 0.574 0.000 -0.448 -54.27 (+30.30/-138.84)
 5000  8.57  7.88 0.69  57.1  37(18/19)   0  0.932  -8.10 0.082   10    50   0.079(0.017)  0.100 0.186 0.018 -0.0194 0.574 0.000 -0.448 -122.02 (-41.40/-202.65)

== syn-h0.01-lr0.002-rate-s1  (5000 epochs)
  end  count  spk  read outs>0 r>.99(1/0) r<.01 rmean  score  right dutymid dutyall eta2(null)   u_mean floor  u>.9  w_mean  w_sd  clamp fanin  drift(1s/0s) x1e3
  500  9.10  8.39 0.71  58.3  46(20/26)   0  0.958  -5.80 0.098    7    53   0.073(0.019)  0.105 0.181 0.016 -0.0149 0.582 0.002 -0.353 +3.44 (-62.86/+69.75)
 1000  9.09  8.43 0.66  58.0  46(20/26)   0  0.952  -6.10 0.066    9    51   0.070(0.018)  0.097 0.183 0.015 -0.0152 0.582 0.003 -0.360 +6.10 (-8.31/+20.51)
 1500  9.14  8.51 0.63  57.7  46(21/25)   0  0.949  -5.65 0.078    8    52   0.072(0.018)  0.096 0.178 0.015 -0.0165 0.583 0.001 -0.392 -24.88 (+27.37/-77.13)
 2000  9.11  8.47 0.63  57.8  46(20/26)   0  0.951  -5.66 0.052    8    52   0.072(0.021)  0.094 0.188 0.014 -0.0165 0.583 0.000 -0.391 +13.13 (-3.32/+29.57)
 2500  9.20  8.58 0.62  58.1  44(19/25)   0  0.954  -5.19 0.074    8    52   0.069(0.019)  0.090 0.186 0.012 -0.0159 0.583 0.001 -0.378 +20.00 (+39.88/+0.12)
 3000  9.08  8.47 0.61  57.8  43(18/25)   0  0.952  -5.25 0.064    8    52   0.070(0.020)  0.093 0.185 0.013 -0.0187 0.583 0.001 -0.444 -54.54 (+7.95/-117.02)
 3500  9.07  8.45 0.62  57.9  44(19/25)   0  0.949  -4.85 0.080   10    50   0.076(0.019)  0.092 0.184 0.012 -0.0182 0.584 0.001 -0.432 +18.82 (+36.89/+0.75)
 4000  9.07  8.46 0.62  57.5  46(20/26)   0  0.939  -5.05 0.086    9    51   0.075(0.017)  0.089 0.189 0.012 -0.0184 0.584 0.002 -0.436 +4.40 (+18.67/-9.88)
 4500  9.17  8.57 0.60  57.6  46(20/26)   0  0.950  -5.19 0.102    8    52   0.070(0.017)  0.088 0.186 0.011 -0.0176 0.584 0.001 -0.418 +25.90 (+28.39/+23.41)
 5000  9.17  8.57 0.60  57.5  47(21/26)   0  0.946  -5.33 0.072    7    53   0.074(0.018)  0.090 0.183 0.013 -0.0171 0.585 0.004 -0.405 +18.67 (+54.97/-17.62)

== syn-h0.01-lr0.002-rate-s2  (5000 epochs)
  end  count  spk  read outs>0 r>.99(1/0) r<.01 rmean  score  right dutymid dutyall eta2(null)   u_mean floor  u>.9  w_mean  w_sd  clamp fanin  drift(1s/0s) x1e3
  500  8.57  7.91 0.66  56.6  40(18/22)   0  0.915  -6.96 0.080   10    50   0.076(0.017)  0.096 0.188 0.015 -0.0211 0.576 0.000 -0.486 -20.41 (+38.15/-78.98)
 1000  8.79  8.19 0.60  56.0  42(21/21)   0  0.911  -6.31 0.118    8    52   0.074(0.016)  0.090 0.193 0.012 -0.0200 0.577 0.001 -0.462 +36.11 (+92.66/-20.43)
 1500  8.70  8.12 0.58  55.8  42(21/21)   0  0.904  -6.04 0.128   11    49   0.083(0.018)  0.088 0.200 0.011 -0.0227 0.577 0.000 -0.522 -49.70 (-76.75/-22.64)
 2000  8.65  8.10 0.55  55.3  41(20/21)   0  0.896  -6.57 0.098   12    48   0.074(0.019)  0.081 0.210 0.010 -0.0249 0.576 0.001 -0.574 -39.34 (-74.14/-4.54)
 2500  8.55  8.03 0.52  54.8  39(19/20)   0  0.885  -6.14 0.098   12    48   0.077(0.018)  0.077 0.215 0.008 -0.0296 0.576 0.000 -0.683 -99.69 (-124.77/-74.61)
 3000  8.43  7.90 0.53  53.8  40(21/19)   0  0.861  -6.37 0.102   14    46   0.070(0.018)  0.078 0.218 0.010 -0.0306 0.576 0.001 -0.704 -9.88 (+47.51/-67.28)
 3500  8.39  7.88 0.50  52.8  39(19/20)   0  0.845  -6.77 0.090   16    44   0.076(0.017)  0.073 0.232 0.009 -0.0334 0.575 0.001 -0.769 -52.33 (-112.84/+8.18)
 4000  8.41  7.92 0.48  52.1  40(18/22)   0  0.836  -6.62 0.092   16    44   0.066(0.017)  0.069 0.239 0.009 -0.0366 0.574 0.001 -0.843 -61.02 (-132.43/+10.40)
 4500  8.36  7.88 0.48  52.2  41(19/22)   1  0.841  -6.78 0.092   16    44   0.071(0.017)  0.069 0.240 0.010 -0.0362 0.575 0.003 -0.834 +28.43 (+27.30/+29.57)
 5000  8.36  7.90 0.46  52.2  40(20/20)   0  0.838  -6.70 0.076   17    43   0.076(0.017)  0.065 0.241 0.009 -0.0350 0.577 0.002 -0.805 +40.22 (+110.13/-29.69)
