
== syn-h0.001-lr0.002-rate-s1  (5000 epochs)
  end  count  spk  read outs>0 r>.99(1/0) r<.01 rmean  score  right dutymid dutyall eta2(null)   u_mean floor  u>.9  w_mean  w_sd  clamp fanin  drift(1s/0s) x1e3
  500  8.53  8.14 0.39  57.2  44(19/25)   0  0.945  -5.73 0.080    9    51   0.077(0.019)  0.108 0.181 0.014 -0.0173 0.580 0.001 -0.410 -56.24 (-56.38/-56.10)
 1000  8.54  8.17 0.37  56.9  47(23/24)   0  0.941  -5.83 0.078    9    51   0.077(0.018)  0.104 0.189 0.014 -0.0190 0.581 0.000 -0.451 -36.10 (-19.65/-52.54)
 1500  8.56  8.22 0.34  56.6  43(21/22)   0  0.938  -5.49 0.062   10    50   0.079(0.019)  0.101 0.187 0.014 -0.0178 0.582 0.000 -0.422 +37.52 (+32.07/+42.96)
 2000  8.59  8.27 0.32  56.4  45(22/23)   0  0.933  -5.37 0.076   12    48   0.084(0.020)  0.097 0.193 0.011 -0.0183 0.582 0.001 -0.434 -9.37 (+1.26/-20.00)
 2500  8.57  8.24 0.33  56.4  48(21/27)   0  0.934  -5.44 0.086    9    51   0.078(0.017)  0.099 0.194 0.012 -0.0189 0.582 0.001 -0.448 -7.73 (-22.48/+7.02)
 3000  8.64  8.31 0.33  56.8  44(18/26)   0  0.942  -5.44 0.076    8    52   0.079(0.018)  0.101 0.189 0.013 -0.0194 0.582 0.002 -0.461 -8.60 (+2.10/-19.29)
 3500  8.62  8.28 0.35  56.5  49(22/27)   0  0.935  -5.24 0.086    9    51   0.083(0.019)  0.098 0.189 0.013 -0.0207 0.582 0.002 -0.491 -23.11 (-8.47/-37.76)
 4000  8.68  8.35 0.33  56.5  48(21/27)   0  0.939  -5.09 0.082    9    51   0.082(0.019)  0.095 0.193 0.012 -0.0172 0.583 0.002 -0.409 +87.91 (+53.16/+122.67)
 4500  8.79  8.46 0.33  56.6  45(21/24)   0  0.939  -5.15 0.098   10    50   0.083(0.017)  0.097 0.185 0.013 -0.0162 0.584 0.001 -0.384 +33.54 (+44.22/+22.87)
 5000  8.77  8.45 0.32  56.5  45(21/24)   0  0.936  -5.05 0.052   10    50   0.079(0.017)  0.097 0.185 0.012 -0.0155 0.585 0.001 -0.367 +21.93 (+22.23/+21.63)

== syn-h0.001-lr0.002-rate-s2  (5000 epochs)
  end  count  spk  read outs>0 r>.99(1/0) r<.01 rmean  score  right dutymid dutyall eta2(null)   u_mean floor  u>.9  w_mean  w_sd  clamp fanin  drift(1s/0s) x1e3
  500  8.31  7.96 0.35  55.7  36(17/19)   0  0.921  -7.64 0.100   14    46   0.085(0.017)  0.096 0.186 0.013 -0.0172 0.576 0.001 -0.397 +60.99 (+33.16/+88.83)
 1000  8.45  8.14 0.31  55.4  39(20/19)   0  0.911  -7.16 0.106   14    46   0.084(0.018)  0.093 0.186 0.012 -0.0190 0.577 0.001 -0.438 -33.58 (-46.49/-20.66)
 1500  8.49  8.20 0.29  54.9  40(22/18)   1  0.909  -6.39 0.114   13    45   0.086(0.018)  0.088 0.192 0.010 -0.0219 0.576 0.001 -0.505 -56.84 (-21.88/-91.80)
 2000  8.50  8.21 0.29  54.7  40(20/20)   0  0.902  -6.54 0.076   14    45   0.081(0.020)  0.083 0.201 0.009 -0.0213 0.576 0.000 -0.491 +25.27 (+52.41/-1.88)
 2500  8.47  8.19 0.28  54.3  40(20/20)   0  0.900  -5.89 0.096   14    45   0.087(0.018)  0.080 0.203 0.009 -0.0234 0.577 0.003 -0.539 -37.83 (-63.48/-12.17)
 3000  8.48  8.20 0.27  54.1  42(21/21)   0  0.892  -5.79 0.098   13    46   0.076(0.016)  0.080 0.202 0.009 -0.0236 0.577 0.000 -0.544 +2.22 (+96.28/-91.83)
 3500  8.43  8.18 0.26  53.3  40(20/20)   0  0.873  -5.60 0.082   12    47   0.083(0.017)  0.078 0.208 0.009 -0.0237 0.577 0.001 -0.547 +1.49 (-7.81/+10.79)
 4000  8.40  8.15 0.25  52.7  39(21/18)   0  0.865  -5.44 0.128   13    46   0.075(0.016)  0.076 0.209 0.009 -0.0255 0.576 0.001 -0.587 -32.87 (-13.77/-51.97)
 4500  8.42  8.18 0.25  52.5  39(19/20)   1  0.864  -5.39 0.130   13    45   0.079(0.016)  0.077 0.211 0.010 -0.0253 0.577 0.002 -0.583 +9.69 (+21.51/-2.13)
 5000  8.42  8.18 0.24  52.0  40(20/20)   0  0.862  -5.10 0.108   12    46   0.080(0.018)  0.071 0.213 0.009 -0.0241 0.579 0.001 -0.556 +34.31 (+64.24/+4.38)

== syn-h0.003-lr0.002-rate-s1  (5000 epochs)
  end  count  spk  read outs>0 r>.99(1/0) r<.01 rmean  score  right dutymid dutyall eta2(null)   u_mean floor  u>.9  w_mean  w_sd  clamp fanin  drift(1s/0s) x1e3
  500  8.67  8.17 0.50  57.2  45(18/27)   0  0.940  -6.27 0.082   11    49   0.075(0.019)  0.107 0.184 0.015 -0.0174 0.582 0.002 -0.414 -56.94 (-35.78/-78.09)
 1000  8.50  8.04 0.46  56.8  44(19/25)   0  0.936  -6.61 0.086   13    47   0.079(0.018)  0.104 0.191 0.013 -0.0189 0.581 0.002 -0.449 -26.45 (-54.48/+1.58)
 1500  8.52  8.06 0.45  56.5  43(18/25)   0  0.933  -5.70 0.080   12    48   0.082(0.017)  0.103 0.185 0.015 -0.0181 0.582 0.001 -0.429 +26.21 (+71.06/-18.65)
 2000  8.54  8.11 0.43  56.2  43(20/23)   0  0.926  -5.38 0.072   12    48   0.081(0.019)  0.098 0.192 0.013 -0.0205 0.581 0.000 -0.488 -52.39 (-87.28/-17.49)
 2500  8.55  8.13 0.42  56.5  45(19/26)   0  0.932  -5.10 0.074   13    47   0.074(0.017)  0.097 0.193 0.012 -0.0203 0.582 0.002 -0.482 +9.91 (+13.19/+6.63)
 3000  8.58  8.17 0.41  56.3  44(19/25)   0  0.926  -5.22 0.074   13    47   0.079(0.018)  0.095 0.189 0.012 -0.0196 0.582 0.001 -0.466 +26.64 (+43.82/+9.46)
 3500  8.52  8.11 0.41  55.9  43(19/24)   0  0.911  -5.05 0.072   11    49   0.081(0.017)  0.093 0.192 0.011 -0.0208 0.582 0.001 -0.495 -22.36 (-28.71/-16.01)
 4000  8.47  8.07 0.41  55.1  43(20/23)   0  0.905  -5.05 0.074   12    48   0.079(0.019)  0.092 0.199 0.011 -0.0212 0.582 0.000 -0.503 -2.73 (-25.99/+20.53)
 4500  8.46  8.05 0.41  55.0  44(21/23)   0  0.906  -5.22 0.072   13    47   0.081(0.017)  0.092 0.198 0.012 -0.0221 0.582 0.000 -0.524 -12.65 (-57.16/+31.86)
 5000  8.49  8.09 0.40  54.9  44(19/25)   0  0.904  -5.18 0.074   13    47   0.075(0.018)  0.089 0.196 0.011 -0.0205 0.583 0.000 -0.488 +40.37 (-4.10/+84.84)

== syn-h0.003-lr0.002-rate-s2  (5000 epochs)
  end  count  spk  read outs>0 r>.99(1/0) r<.01 rmean  score  right dutymid dutyall eta2(null)   u_mean floor  u>.9  w_mean  w_sd  clamp fanin  drift(1s/0s) x1e3
  500  8.45  8.02 0.43  55.8  38(17/21)   0  0.913  -7.51 0.098   11    49   0.079(0.019)  0.093 0.186 0.011 -0.0196 0.575 0.000 -0.451 +8.02 (+17.43/-1.39)
 1000  8.57  8.16 0.41  56.0  39(19/20)   0  0.922  -6.65 0.096   11    49   0.081(0.017)  0.094 0.186 0.011 -0.0164 0.578 0.001 -0.377 +82.64 (+50.11/+115.17)
 1500  8.71  8.31 0.41  55.8  40(19/21)   0  0.911  -6.11 0.120   10    50   0.084(0.019)  0.092 0.182 0.012 -0.0160 0.579 0.002 -0.369 +14.68 (-78.55/+107.91)
 2000  8.76  8.37 0.39  55.4  39(17/22)   0  0.908  -6.29 0.114   11    49   0.077(0.018)  0.086 0.185 0.011 -0.0137 0.580 0.000 -0.317 +62.69 (+21.24/+104.15)
 2500  8.75  8.37 0.38  55.2  39(18/21)   0  0.912  -6.06 0.102   12    48   0.082(0.019)  0.085 0.193 0.011 -0.0145 0.582 0.002 -0.335 -11.02 (+0.68/-22.72)
 3000  8.75  8.37 0.37  55.5  40(19/21)   0  0.911  -5.90 0.100   11    49   0.075(0.016)  0.086 0.184 0.010 -0.0171 0.580 0.001 -0.393 -40.77 (+40.95/-122.48)
 3500  8.66  8.29 0.36  55.0  39(17/22)   0  0.901  -5.27 0.084   11    49   0.083(0.017)  0.085 0.192 0.011 -0.0188 0.579 0.001 -0.434 -32.84 (-78.39/+12.71)
 4000  8.70  8.33 0.37  54.8  39(17/22)   0  0.901  -5.08 0.112   11    49   0.075(0.016)  0.084 0.193 0.009 -0.0162 0.581 0.001 -0.373 +66.22 (+56.91/+75.53)
 4500  8.73  8.37 0.36  54.6  40(17/23)   0  0.895  -5.31 0.114   14    46   0.078(0.019)  0.086 0.193 0.010 -0.0178 0.580 0.000 -0.409 -30.37 (+20.75/-81.49)
 5000  8.63  8.27 0.36  54.2  39(18/21)   0  0.885  -5.13 0.120   13    47   0.079(0.017)  0.081 0.197 0.010 -0.0195 0.580 0.001 -0.449 -31.60 (-56.95/-6.26)

== syn-h0.03-lr0.002-rate-s1  (5000 epochs)
  end  count  spk  read outs>0 r>.99(1/0) r<.01 rmean  score  right dutymid dutyall eta2(null)   u_mean floor  u>.9  w_mean  w_sd  clamp fanin  drift(1s/0s) x1e3
  500  9.69  8.59 1.09  59.3  48(21/27)   0  0.972  -5.68 0.074    4    56   0.065(0.018)  0.104 0.176 0.015 -0.0149 0.581 0.001 -0.353 +4.52 (+37.54/-28.51)
 1000  9.66  8.59 1.08  59.1  48(21/27)   0  0.968  -6.04 0.074    4    56   0.065(0.017)  0.100 0.185 0.015 -0.0197 0.581 0.001 -0.467 -102.55 (-7.42/-197.68)
 1500  9.63  8.58 1.05  59.0  47(21/26)   0  0.966  -5.68 0.052    5    55   0.065(0.021)  0.098 0.185 0.013 -0.0214 0.581 0.001 -0.508 -35.32 (-65.09/-5.55)
 2000  9.46  8.43 1.03  58.6  46(21/25)   0  0.953  -5.90 0.056    6    54   0.068(0.020)  0.096 0.193 0.012 -0.0226 0.581 0.003 -0.538 -25.07 (+6.16/-56.30)
 2500  9.39  8.36 1.03  58.6  45(19/26)   0  0.956  -5.75 0.070    8    52   0.064(0.018)  0.094 0.196 0.013 -0.0254 0.581 0.001 -0.602 -51.83 (-158.11/+54.45)
 3000  9.33  8.31 1.02  58.4  47(20/27)   0  0.951  -5.67 0.064    7    53   0.064(0.019)  0.095 0.197 0.013 -0.0273 0.580 0.002 -0.647 -38.40 (+3.38/-80.19)
 3500  9.22  8.20 1.01  58.4  45(19/26)   0  0.945  -5.65 0.054    9    51   0.069(0.019)  0.094 0.200 0.013 -0.0301 0.580 0.001 -0.714 -58.00 (-28.22/-87.78)
 4000  9.09  8.09 1.00  58.2  45(22/23)   0  0.944  -5.73 0.060    9    51   0.068(0.018)  0.094 0.207 0.012 -0.0314 0.581 0.001 -0.745 -26.02 (+69.77/-121.80)
 4500  9.09  8.09 0.99  58.1  42(18/24)   0  0.944  -5.58 0.086    7    53   0.069(0.017)  0.092 0.207 0.012 -0.0326 0.581 0.000 -0.774 -21.86 (-5.78/-37.94)
 5000  9.08  8.12 0.96  57.8  45(21/24)   0  0.931  -5.53 0.064    8    52   0.066(0.017)  0.086 0.209 0.011 -0.0342 0.580 0.001 -0.813 -33.86 (-65.48/-2.23)

== syn-h0.03-lr0.002-rate-s2  (5000 epochs)
  end  count  spk  read outs>0 r>.99(1/0) r<.01 rmean  score  right dutymid dutyall eta2(null)   u_mean floor  u>.9  w_mean  w_sd  clamp fanin  drift(1s/0s) x1e3
  500  9.35  8.32 1.03  58.6  41(18/23)   0  0.953  -7.60 0.090    6    54   0.069(0.019)  0.094 0.179 0.013 -0.0221 0.575 0.000 -0.508 -48.57 (-195.09/+97.94)
 1000  9.30  8.31 0.99  58.6  47(22/25)   0  0.950  -6.54 0.096    7    53   0.072(0.018)  0.092 0.183 0.013 -0.0225 0.576 0.000 -0.519 -2.75 (-44.66/+39.16)
 1500  9.22  8.24 0.98  57.9  41(17/24)   0  0.935  -5.94 0.124    9    51   0.076(0.019)  0.088 0.196 0.012 -0.0233 0.577 0.000 -0.536 -3.76 (-124.61/+117.09)
 2000  9.21  8.24 0.97  57.7  41(18/23)   0  0.930  -6.17 0.102   10    50   0.068(0.019)  0.083 0.201 0.010 -0.0234 0.578 0.003 -0.538 +9.77 (+9.85/+9.69)
 2500  9.11  8.15 0.95  57.4  41(17/24)   0  0.919  -5.83 0.124    8    52   0.073(0.019)  0.084 0.211 0.013 -0.0310 0.575 0.001 -0.714 -166.27 (-140.30/-192.23)
 3000  8.96  8.03 0.93  57.2  40(16/24)   0  0.912  -5.87 0.114   11    49   0.069(0.017)  0.080 0.217 0.011 -0.0312 0.576 0.000 -0.718 +6.72 (+53.04/-39.60)
 3500  9.06  8.13 0.94  57.6  41(17/24)   0  0.923  -5.89 0.092   12    48   0.070(0.017)  0.081 0.213 0.011 -0.0297 0.576 0.001 -0.683 +41.73 (+26.30/+57.16)
 4000  9.10  8.17 0.93  57.6  43(19/24)   0  0.923  -5.48 0.120   12    48   0.069(0.016)  0.082 0.208 0.011 -0.0277 0.579 0.000 -0.637 +54.84 (+21.87/+87.81)
 4500  9.26  8.35 0.91  57.3  44(20/24)   0  0.917  -5.50 0.114   11    49   0.065(0.020)  0.078 0.208 0.011 -0.0296 0.579 0.001 -0.681 -27.73 (-11.69/-43.77)
 5000  9.13  8.24 0.89  57.2  43(18/25)   0  0.908  -5.14 0.120   11    49   0.067(0.018)  0.076 0.215 0.010 -0.0312 0.578 0.003 -0.718 -28.06 (-54.55/-1.57)
