share of outputs busy at 25k, by drive at 25k / threshold (n outputs in the cell, 3 seeds pooled)
rule    drive        lr |         <-2 |      -2..-1 |     -1..-.5 |      -.5..0 |      0..0.5 |      0.5..1 |        1..2 |          >2
synapse rate     0.0005 |  0.28 ( 46) |  0.67 ( 21) |  0.75 ( 20) |  0.83 (  6) |  0.86 ( 22) |  1.00 ( 17) |  1.00 ( 20) |  1.00 ( 28)
synapse charged  0.0005 |  0.43 ( 47) |  0.69 ( 29) |  0.83 ( 18) |  1.00 (  6) |  1.00 ( 13) |  1.00 ( 22) |  1.00 ( 20) |  1.00 ( 25)
synapse rate      0.001 |  0.27 ( 55) |  0.61 ( 23) |  0.85 ( 13) |  0.90 ( 10) |  0.82 ( 17) |  1.00 ( 12) |  1.00 ( 19) |  1.00 ( 31)
synapse charged   0.001 |  0.36 ( 58) |  0.59 ( 27) |  1.00 ( 11) |  1.00 ( 10) |  1.00 ( 10) |  1.00 ( 14) |  1.00 ( 30) |  1.00 ( 20)
synapse rate      0.002 |  0.25 ( 75) |  0.77 ( 22) |  0.91 ( 11) |  1.00 (  7) |  1.00 (  7) |  1.00 (  7) |  1.00 ( 22) |  1.00 ( 29)
synapse charged   0.002 |  0.41 ( 66) |  0.81 ( 27) |  0.89 (  9) |  1.00 ( 13) |  1.00 ( 11) |  1.00 ( 11) |  1.00 ( 17) |  1.00 ( 26)
synapse rate      0.005 |  0.23 (100) |  1.00 ( 13) |  1.00 (  3) |  1.00 (  5) |  0.89 (  9) |  1.00 (  3) |  1.00 ( 14) |  1.00 ( 33)
synapse charged   0.005 |  0.24 (111) |  1.00 ( 10) |  1.00 ( 10) |  1.00 (  5) |  1.00 (  4) |  1.00 (  4) |  1.00 ( 10) |  1.00 ( 26)
synapse rate       0.01 |  0.19 (125) |  1.00 (  8) |  1.00 (  6) |  1.00 (  6) |  1.00 (  4) |  1.00 (  5) |  1.00 (  4) |  1.00 ( 22)
synapse charged    0.01 |  0.21 (127) |  1.00 ( 10) |  1.00 (  4) |  1.00 (  1) |  1.00 (  7) |  1.00 (  6) |  1.00 (  7) |  1.00 ( 18)
neuron  rate     0.0005 |  0.09 ( 70) |  0.46 ( 24) |  1.00 ( 12) |  0.80 ( 10) |  1.00 ( 11) |  1.00 (  8) |  1.00 ( 12) |  1.00 ( 33)
neuron  rate      0.002 |  0.05 (150) |  0.33 (  9) |  0.50 (  2) |  1.00 (  1) |  0.67 (  3) |  1.00 (  2) |  1.00 (  4) |  1.00 (  9)

share of outputs busy at 25k, by drive at start / threshold (n outputs in the cell, 3 seeds pooled)
rule    drive        lr |         <-2 |      -2..-1 |     -1..-.5 |      -.5..0 |      0..0.5 |      0.5..1 |        1..2 |          >2
synapse rate     0.0005 |  0.37 ( 43) |  0.54 ( 24) |  0.64 ( 14) |  0.89 ( 18) |  0.86 ( 14) |  1.00 ( 16) |  0.90 ( 20) |  1.00 ( 31)
synapse charged  0.0005 |  0.40 ( 43) |  0.67 ( 24) |  0.86 ( 14) |  0.94 ( 18) |  0.93 ( 14) |  1.00 ( 16) |  0.95 ( 20) |  1.00 ( 31)
synapse rate      0.001 |  0.40 ( 43) |  0.42 ( 24) |  0.64 ( 14) |  0.72 ( 18) |  0.86 ( 14) |  0.94 ( 16) |  0.90 ( 20) |  1.00 ( 31)
synapse charged   0.001 |  0.44 ( 43) |  0.54 ( 24) |  0.71 ( 14) |  0.78 ( 18) |  0.86 ( 14) |  1.00 ( 16) |  0.90 ( 20) |  0.97 ( 31)
synapse rate      0.002 |  0.40 ( 43) |  0.50 ( 24) |  0.43 ( 14) |  0.83 ( 18) |  0.71 ( 14) |  0.81 ( 16) |  0.85 ( 20) |  0.90 ( 31)
synapse charged   0.002 |  0.47 ( 43) |  0.62 ( 24) |  0.79 ( 14) |  0.78 ( 18) |  0.86 ( 14) |  0.94 ( 16) |  0.95 ( 20) |  0.94 ( 31)
synapse rate      0.005 |  0.37 ( 43) |  0.42 ( 24) |  0.43 ( 14) |  0.61 ( 18) |  0.64 ( 14) |  0.69 ( 16) |  0.60 ( 20) |  0.87 ( 31)
synapse charged   0.005 |  0.40 ( 43) |  0.50 ( 24) |  0.57 ( 14) |  0.39 ( 18) |  0.64 ( 14) |  0.56 ( 16) |  0.65 ( 20) |  0.68 ( 31)
synapse rate       0.01 |  0.37 ( 43) |  0.42 ( 24) |  0.43 ( 14) |  0.44 ( 18) |  0.64 ( 14) |  0.44 ( 16) |  0.35 ( 20) |  0.52 ( 31)
synapse charged    0.01 |  0.33 ( 43) |  0.42 ( 24) |  0.43 ( 14) |  0.33 ( 18) |  0.43 ( 14) |  0.56 ( 16) |  0.50 ( 20) |  0.61 ( 31)
neuron  rate     0.0005 |  0.21 ( 43) |  0.42 ( 24) |  0.50 ( 14) |  0.72 ( 18) |  0.64 ( 14) |  0.75 ( 16) |  0.80 ( 20) |  0.81 ( 31)
neuron  rate      0.002 |  0.07 ( 43) |  0.17 ( 24) |  0.21 ( 14) |  0.11 ( 18) |  0.21 ( 14) |  0.25 ( 16) |  0.25 ( 20) |  0.16 ( 31)

sum of positive and of negative weights into an output, p-weighted, start -> 25k, busy vs quiet (mean over outputs, seeds pooled)
